image_width: 1280
image_height: 720
camera_name: head_camera
camera_matrix:
  rows: 3
  cols: 3
  data: [1515.702345682926, 0, 766.0391726936778, 0, 1492.561306207607, 472.6900694513569, 0, 0, 1]
distortion_model: plumb_bob
distortion_coefficients:
  rows: 1
  cols: 5
  data: [0.1913081784360595, -0.5346560874862011, 0.06549013944152195, 0.04673530310808453, 0]
rectification_matrix:
  rows: 3
  cols: 3
  data: [1, 0, 0, 0, 1, 0, 0, 0, 1]
projection_matrix:
  rows: 3
  cols: 4
  data: [1515.916625976562, 0, 804.8939282315987, 0, 0, 1509.126586914062, 496.1568248946969, 0, 0, 0, 1, 0]